single point
          rch1                      0.001251112000000000    1.000000000000000    0.000000000000000
          rch2                      9.358508000000000e-05    1.000000000000000    0.000000000000000
         hkpp1                      50.79521000000000    1.000000000000000    0.000000000000000
         hkpp2                      34.20774000000000    1.000000000000000    0.000000000000000
         hkpp3                      41.08288000000000    1.000000000000000    0.000000000000000
         hkpp4                      17.84352000000000    1.000000000000000    0.000000000000000
         hkpp5                      7.101179000000000    1.000000000000000    0.000000000000000
         hkpp6                      26.88783000000000    1.000000000000000    0.000000000000000
         hkpp7                      32.08148000000000    1.000000000000000    0.000000000000000
         hkpp8                      7.610810000000000    1.000000000000000    0.000000000000000
         hkpp9                      75.84927999999999    1.000000000000000    0.000000000000000
        hkpp10                      14.69805000000000    1.000000000000000    0.000000000000000
        hkpp11                      11.54765000000000    1.000000000000000    0.000000000000000
        hkpp12                      24.87973000000000    1.000000000000000    0.000000000000000
        hkpp13                      37.71198000000000    1.000000000000000    0.000000000000000
        hkpp14                      579.8429000000000    1.000000000000000    0.000000000000000
        hkpp15                      1093.366000000000    1.000000000000000    0.000000000000000
        hkpp16                      45.62238000000000    1.000000000000000    0.000000000000000
        hkpp17                      17.90128000000000    1.000000000000000    0.000000000000000
        hkpp18                      35.61512000000000    1.000000000000000    0.000000000000000
        hkpp19                      75.19253000000000    1.000000000000000    0.000000000000000
        hkpp20                      63.57338000000000    1.000000000000000    0.000000000000000
        hkpp21                      49.58776000000000    1.000000000000000    0.000000000000000
        hkpp22                      7.439428000000000    1.000000000000000    0.000000000000000
        hkpp23                      23.35485000000000    1.000000000000000    0.000000000000000
        hkpp24                      74.20811999999999    1.000000000000000    0.000000000000000
        hkpp25                      160.2240000000000    1.000000000000000    0.000000000000000
        hkpp26                      146.6097000000000    1.000000000000000    0.000000000000000
        hkpp27                      2.976132000000000    1.000000000000000    0.000000000000000
        hkpp28                      20.27509000000000    1.000000000000000    0.000000000000000
        hkpp29                      103.9697000000000    1.000000000000000    0.000000000000000
        hkpp30                      395.6159000000000    1.000000000000000    0.000000000000000
        hkpp31                      489.5594000000000    1.000000000000000    0.000000000000000
        hkpp32                      386.4773000000000    1.000000000000000    0.000000000000000
        hkpp33                      14.36126000000000    1.000000000000000    0.000000000000000
        hkpp34                      85.48947000000000    1.000000000000000    0.000000000000000
        hkpp35                      108.7610000000000    1.000000000000000    0.000000000000000
        hkpp36                      57.37094000000000    1.000000000000000    0.000000000000000
        hkpp37                      106.4089000000000    1.000000000000000    0.000000000000000
        hkpp38                      19.28734000000000    1.000000000000000    0.000000000000000
        hkpp39                      31.68493000000000    1.000000000000000    0.000000000000000
        hkpp40                      78.45055000000001    1.000000000000000    0.000000000000000
        hkpp41                      14.31726000000000    1.000000000000000    0.000000000000000
        hkpp42                      43.74760000000000    1.000000000000000    0.000000000000000
        hkpp43                      251.2119000000000    1.000000000000000    0.000000000000000
        hkpp44                      29.92906000000000    1.000000000000000    0.000000000000000
        hkpp45                      52.87158000000000    1.000000000000000    0.000000000000000
        hkpp46                      30.87354000000000    1.000000000000000    0.000000000000000
        hkpp47                      12.84587000000000    1.000000000000000    0.000000000000000
        hkpp48                      93.79218000000000    1.000000000000000    0.000000000000000
        hkpp49                      1951.454000000000    1.000000000000000    0.000000000000000
        hkpp50                      39.38509000000000    1.000000000000000    0.000000000000000
        hkpp51                      38.30621000000000    1.000000000000000    0.000000000000000
        hkpp52                      18.63773000000000    1.000000000000000    0.000000000000000
        hkpp53                      16.95832000000000    1.000000000000000    0.000000000000000
        hkpp54                      41.39693000000000    1.000000000000000    0.000000000000000
        hkpp55                      284.5957000000000    1.000000000000000    0.000000000000000
        hkpp56                      43.74871000000000    1.000000000000000    0.000000000000000
        hkpp57                      38.16728000000000    1.000000000000000    0.000000000000000
        hkpp58                      28.53553000000000    1.000000000000000    0.000000000000000
        hkpp59                      24.92934000000000    1.000000000000000    0.000000000000000
        hkpp60                      25.44446000000000    1.000000000000000    0.000000000000000
        hkpp61                      38.70010000000000    1.000000000000000    0.000000000000000
        hkpp62                      50.50288000000000    1.000000000000000    0.000000000000000
        hkpp63                      48.22951000000000    1.000000000000000    0.000000000000000
        hkpp64                      49.66955000000000    1.000000000000000    0.000000000000000
        hkpp65                      41.33300000000000    1.000000000000000    0.000000000000000
        hkpp66                      40.67878000000000    1.000000000000000    0.000000000000000
        hkpp67                      68.63155999999999    1.000000000000000    0.000000000000000
        hkpp68                      61.51397000000000    1.000000000000000    0.000000000000000
        hkpp69                      58.38814000000000    1.000000000000000    0.000000000000000
        hkpp70                      46.55087000000000    1.000000000000000    0.000000000000000
