single point
          rch1                      0.001236034600000000    1.000000000000000    0.000000000000000
          rch2                      9.358508000000000e-05    1.000000000000000    0.000000000000000
         hkpp1                      51.21089795300000    1.000000000000000    0.000000000000000
         hkpp2                      49.75568047100000    1.000000000000000    0.000000000000000
         hkpp3                      90.54926405300000    1.000000000000000    0.000000000000000
         hkpp4                      34.52466410800000    1.000000000000000    0.000000000000000
         hkpp5                      8.465181880999999    1.000000000000000    0.000000000000000
         hkpp6                      24.83354471700000    1.000000000000000    0.000000000000000
         hkpp7                      48.38178072300000    1.000000000000000    0.000000000000000
         hkpp8                      28.52092862700000    1.000000000000000    0.000000000000000
         hkpp9                      72.71160437300000    1.000000000000000    0.000000000000000
        hkpp10                      255.8260157200000    1.000000000000000    0.000000000000000
        hkpp11                      14.34606979700000    1.000000000000000    0.000000000000000
        hkpp12                      17.48103939100000    1.000000000000000    0.000000000000000
        hkpp13                      58.17808184200000    1.000000000000000    0.000000000000000
        hkpp14                      66.40085286500000    1.000000000000000    0.000000000000000
        hkpp15                      90.90216942799999    1.000000000000000    0.000000000000000
        hkpp16                      35.29226477200000    1.000000000000000    0.000000000000000
        hkpp17                      18.51121269500000    1.000000000000000    0.000000000000000
        hkpp18                      46.39894402500000    1.000000000000000    0.000000000000000
        hkpp19                      42.97674954400000    1.000000000000000    0.000000000000000
        hkpp20                      35.94335563500000    1.000000000000000    0.000000000000000
        hkpp21                      39.60120376000000    1.000000000000000    0.000000000000000
        hkpp22                      11.39768042100000    1.000000000000000    0.000000000000000
        hkpp23                      39.26828450700000    1.000000000000000    0.000000000000000
        hkpp24                      55.17195016700000    1.000000000000000    0.000000000000000
        hkpp25                      89.80678406700000    1.000000000000000    0.000000000000000
        hkpp26                      96.72623873300000    1.000000000000000    0.000000000000000
        hkpp27                      6.524759147300000    1.000000000000000    0.000000000000000
        hkpp28                      38.64993786600000    1.000000000000000    0.000000000000000
        hkpp29                      81.12453768200000    1.000000000000000    0.000000000000000
        hkpp30                      194.4956421200000    1.000000000000000    0.000000000000000
        hkpp31                      232.5164541600000    1.000000000000000    0.000000000000000
        hkpp32                      176.8028783500000    1.000000000000000    0.000000000000000
        hkpp33                      38.41824050300000    1.000000000000000    0.000000000000000
        hkpp34                      78.97531653599999    1.000000000000000    0.000000000000000
        hkpp35                      101.7329109000000    1.000000000000000    0.000000000000000
        hkpp36                      57.04076830600000    1.000000000000000    0.000000000000000
        hkpp37                      67.95289194000000    1.000000000000000    0.000000000000000
        hkpp38                      41.05332011600000    1.000000000000000    0.000000000000000
        hkpp39                      46.05757072300000    1.000000000000000    0.000000000000000
        hkpp40                      60.70584514800000    1.000000000000000    0.000000000000000
        hkpp41                      25.99611317600000    1.000000000000000    0.000000000000000
        hkpp42                      54.15239117600000    1.000000000000000    0.000000000000000
        hkpp43                      134.6070222300000    1.000000000000000    0.000000000000000
        hkpp44                      43.99650913800000    1.000000000000000    0.000000000000000
        hkpp45                      47.65952900200000    1.000000000000000    0.000000000000000
        hkpp46                      33.47205812800000    1.000000000000000    0.000000000000000
        hkpp47                      19.53953184200000    1.000000000000000    0.000000000000000
        hkpp48                      79.49239351100000    1.000000000000000    0.000000000000000
        hkpp49                      314.2094117900000    1.000000000000000    0.000000000000000
        hkpp50                      43.94924289800000    1.000000000000000    0.000000000000000
        hkpp51                      40.23296493200000    1.000000000000000    0.000000000000000
        hkpp52                      20.50828901500000    1.000000000000000    0.000000000000000
        hkpp53                      19.89361525100000    1.000000000000000    0.000000000000000
        hkpp54                      55.96799047900000    1.000000000000000    0.000000000000000
        hkpp55                      149.5166945900000    1.000000000000000    0.000000000000000
        hkpp56                      46.38933716800000    1.000000000000000    0.000000000000000
        hkpp57                      42.78012249300000    1.000000000000000    0.000000000000000
        hkpp58                      34.01772111000000    1.000000000000000    0.000000000000000
        hkpp59                      28.44461368300000    1.000000000000000    0.000000000000000
        hkpp60                      43.18261895300000    1.000000000000000    0.000000000000000
        hkpp61                      60.21997010000000    1.000000000000000    0.000000000000000
        hkpp62                      52.65966399500000    1.000000000000000    0.000000000000000
        hkpp63                      46.73554766400000    1.000000000000000    0.000000000000000
        hkpp64                      42.55782150700000    1.000000000000000    0.000000000000000
        hkpp65                      45.34104493800000    1.000000000000000    0.000000000000000
        hkpp66                      54.49463800800000    1.000000000000000    0.000000000000000
        hkpp67                      65.59695948200000    1.000000000000000    0.000000000000000
        hkpp68                      61.86384613600000    1.000000000000000    0.000000000000000
        hkpp69                      48.58852278900000    1.000000000000000    0.000000000000000
        hkpp70                      47.75882852500000    1.000000000000000    0.000000000000000
