single point
          rch1                      0.0001100000000000000    1.000000000000000   0.0000000000000000
          rch2                      9.358508000000000e-05    1.000000000000000   0.0000000000000000
         hkpp1                      8.000000000000000    1.000000000000000   0.0000000000000000
         hkpp2                      8.000000000000000    1.000000000000000   0.0000000000000000
         hkpp3                      8.000000000000000    1.000000000000000   0.0000000000000000
         hkpp4                      8.000000000000000    1.000000000000000   0.0000000000000000
         hkpp5                      8.000000000000000    1.000000000000000   0.0000000000000000
         hkpp6                      8.000000000000000    1.000000000000000   0.0000000000000000
         hkpp7                      8.000000000000000    1.000000000000000   0.0000000000000000
         hkpp8                      8.000000000000000    1.000000000000000   0.0000000000000000
         hkpp9                      8.000000000000000    1.000000000000000   0.0000000000000000
        hkpp10                      8.000000000000000    1.000000000000000   0.0000000000000000
        hkpp11                      8.000000000000000    1.000000000000000   0.0000000000000000
        hkpp12                      8.000000000000000    1.000000000000000   0.0000000000000000
        hkpp13                      8.000000000000000    1.000000000000000   0.0000000000000000
        hkpp14                      8.000000000000000    1.000000000000000   0.0000000000000000
        hkpp15                      8.000000000000000    1.000000000000000   0.0000000000000000
        hkpp16                      8.000000000000000    1.000000000000000   0.0000000000000000
        hkpp17                      8.000000000000000    1.000000000000000   0.0000000000000000
        hkpp18                      8.000000000000000    1.000000000000000   0.0000000000000000
        hkpp19                      8.000000000000000    1.000000000000000   0.0000000000000000
        hkpp20                      8.000000000000000    1.000000000000000   0.0000000000000000
        hkpp21                      8.000000000000000    1.000000000000000   0.0000000000000000
        hkpp22                      8.000000000000000    1.000000000000000   0.0000000000000000
        hkpp23                      8.000000000000000    1.000000000000000   0.0000000000000000
        hkpp24                      8.000000000000000    1.000000000000000   0.0000000000000000
        hkpp25                      8.000000000000000    1.000000000000000   0.0000000000000000
        hkpp26                      8.000000000000000    1.000000000000000   0.0000000000000000
        hkpp27                      8.000000000000000    1.000000000000000   0.0000000000000000
        hkpp28                      8.000000000000000    1.000000000000000   0.0000000000000000
        hkpp29                      8.000000000000000    1.000000000000000   0.0000000000000000
        hkpp30                      8.000000000000000    1.000000000000000   0.0000000000000000
        hkpp31                      8.000000000000000    1.000000000000000   0.0000000000000000
        hkpp32                      8.000000000000000    1.000000000000000   0.0000000000000000
        hkpp33                      8.000000000000000    1.000000000000000   0.0000000000000000
        hkpp34                      8.000000000000000    1.000000000000000   0.0000000000000000
        hkpp35                      8.000000000000000    1.000000000000000   0.0000000000000000
        hkpp36                      8.000000000000000    1.000000000000000   0.0000000000000000
        hkpp37                      8.000000000000000    1.000000000000000   0.0000000000000000
        hkpp38                      8.000000000000000    1.000000000000000   0.0000000000000000
        hkpp39                      8.000000000000000    1.000000000000000   0.0000000000000000
        hkpp40                      8.000000000000000    1.000000000000000   0.0000000000000000
        hkpp41                      8.000000000000000    1.000000000000000   0.0000000000000000
        hkpp42                      8.000000000000000    1.000000000000000   0.0000000000000000
        hkpp43                      8.000000000000000    1.000000000000000   0.0000000000000000
        hkpp44                      8.000000000000000    1.000000000000000   0.0000000000000000
        hkpp45                      8.000000000000000    1.000000000000000   0.0000000000000000
        hkpp46                      8.000000000000000    1.000000000000000   0.0000000000000000
        hkpp47                      8.000000000000000    1.000000000000000   0.0000000000000000
        hkpp48                      8.000000000000000    1.000000000000000   0.0000000000000000
        hkpp49                      8.000000000000000    1.000000000000000   0.0000000000000000
        hkpp50                      8.000000000000000    1.000000000000000   0.0000000000000000
        hkpp51                      8.000000000000000    1.000000000000000   0.0000000000000000
        hkpp52                      8.000000000000000    1.000000000000000   0.0000000000000000
        hkpp53                      8.000000000000000    1.000000000000000   0.0000000000000000
        hkpp54                      8.000000000000000    1.000000000000000   0.0000000000000000
        hkpp55                      8.000000000000000    1.000000000000000   0.0000000000000000
        hkpp56                      8.000000000000000    1.000000000000000   0.0000000000000000
        hkpp57                      8.000000000000000    1.000000000000000   0.0000000000000000
        hkpp58                      8.000000000000000    1.000000000000000   0.0000000000000000
        hkpp59                      8.000000000000000    1.000000000000000   0.0000000000000000
        hkpp60                      8.000000000000000    1.000000000000000   0.0000000000000000
        hkpp61                      8.000000000000000    1.000000000000000   0.0000000000000000
        hkpp62                      8.000000000000000    1.000000000000000   0.0000000000000000
        hkpp63                      8.000000000000000    1.000000000000000   0.0000000000000000
        hkpp64                      8.000000000000000    1.000000000000000   0.0000000000000000
        hkpp65                      8.000000000000000    1.000000000000000   0.0000000000000000
        hkpp66                      8.000000000000000    1.000000000000000   0.0000000000000000
        hkpp67                      8.000000000000000    1.000000000000000   0.0000000000000000
        hkpp68                      8.000000000000000    1.000000000000000   0.0000000000000000
        hkpp69                      8.000000000000000    1.000000000000000   0.0000000000000000
        hkpp70                      8.000000000000000    1.000000000000000   0.0000000000000000
