single point
          rch1                      0.0001382208000000000    1.000000000000000    0.000000000000000
          rch2                      9.358508000000000e-05    1.000000000000000    0.000000000000000
         hkpp1                      50.00000000000000    1.000000000000000    0.000000000000000
         hkpp2                      50.00000000000000    1.000000000000000    0.000000000000000
         hkpp3                      50.00000000000000    1.000000000000000    0.000000000000000
         hkpp4                      50.00000000000000    1.000000000000000    0.000000000000000
         hkpp5                      50.00000000000000    1.000000000000000    0.000000000000000
         hkpp6                      50.00000000000000    1.000000000000000    0.000000000000000
         hkpp7                      50.00000000000000    1.000000000000000    0.000000000000000
         hkpp8                      50.00000000000000    1.000000000000000    0.000000000000000
         hkpp9                      50.00000000000000    1.000000000000000    0.000000000000000
        hkpp10                      50.00000000000000    1.000000000000000    0.000000000000000
        hkpp11                      50.00000000000000    1.000000000000000    0.000000000000000
        hkpp12                      50.00000000000000    1.000000000000000    0.000000000000000
        hkpp13                      50.00000000000000    1.000000000000000    0.000000000000000
        hkpp14                      50.00000000000000    1.000000000000000    0.000000000000000
        hkpp15                      50.00000000000000    1.000000000000000    0.000000000000000
        hkpp16                      50.00000000000000    1.000000000000000    0.000000000000000
        hkpp17                      50.00000000000000    1.000000000000000    0.000000000000000
        hkpp18                      50.00000000000000    1.000000000000000    0.000000000000000
        hkpp19                      50.00000000000000    1.000000000000000    0.000000000000000
        hkpp20                      50.00000000000000    1.000000000000000    0.000000000000000
        hkpp21                      50.00000000000000    1.000000000000000    0.000000000000000
        hkpp22                      50.00000000000000    1.000000000000000    0.000000000000000
        hkpp23                      50.00000000000000    1.000000000000000    0.000000000000000
        hkpp24                      50.00000000000000    1.000000000000000    0.000000000000000
        hkpp25                      50.00000000000000    1.000000000000000    0.000000000000000
        hkpp26                      50.00000000000000    1.000000000000000    0.000000000000000
        hkpp27                      50.00000000000000    1.000000000000000    0.000000000000000
        hkpp28                      50.00000000000000    1.000000000000000    0.000000000000000
        hkpp29                      50.00000000000000    1.000000000000000    0.000000000000000
        hkpp30                      50.00000000000000    1.000000000000000    0.000000000000000
        hkpp31                      50.00000000000000    1.000000000000000    0.000000000000000
        hkpp32                      50.00000000000000    1.000000000000000    0.000000000000000
        hkpp33                      50.00000000000000    1.000000000000000    0.000000000000000
        hkpp34                      50.00000000000000    1.000000000000000    0.000000000000000
        hkpp35                      50.00000000000000    1.000000000000000    0.000000000000000
        hkpp36                      50.00000000000000    1.000000000000000    0.000000000000000
        hkpp37                      50.00000000000000    1.000000000000000    0.000000000000000
        hkpp38                      50.00000000000000    1.000000000000000    0.000000000000000
        hkpp39                      50.00000000000000    1.000000000000000    0.000000000000000
        hkpp40                      50.00000000000000    1.000000000000000    0.000000000000000
        hkpp41                      50.00000000000000    1.000000000000000    0.000000000000000
        hkpp42                      50.00000000000000    1.000000000000000    0.000000000000000
        hkpp43                      50.00000000000000    1.000000000000000    0.000000000000000
        hkpp44                      50.00000000000000    1.000000000000000    0.000000000000000
        hkpp45                      50.00000000000000    1.000000000000000    0.000000000000000
        hkpp46                      50.00000000000000    1.000000000000000    0.000000000000000
        hkpp47                      50.00000000000000    1.000000000000000    0.000000000000000
        hkpp48                      50.00000000000000    1.000000000000000    0.000000000000000
        hkpp49                      50.00000000000000    1.000000000000000    0.000000000000000
        hkpp50                      50.00000000000000    1.000000000000000    0.000000000000000
        hkpp51                      50.00000000000000    1.000000000000000    0.000000000000000
        hkpp52                      50.00000000000000    1.000000000000000    0.000000000000000
        hkpp53                      50.00000000000000    1.000000000000000    0.000000000000000
        hkpp54                      50.00000000000000    1.000000000000000    0.000000000000000
        hkpp55                      50.00000000000000    1.000000000000000    0.000000000000000
        hkpp56                      50.00000000000000    1.000000000000000    0.000000000000000
        hkpp57                      50.00000000000000    1.000000000000000    0.000000000000000
        hkpp58                      50.00000000000000    1.000000000000000    0.000000000000000
        hkpp59                      50.00000000000000    1.000000000000000    0.000000000000000
        hkpp60                      50.00000000000000    1.000000000000000    0.000000000000000
        hkpp61                      50.00000000000000    1.000000000000000    0.000000000000000
        hkpp62                      50.00000000000000    1.000000000000000    0.000000000000000
        hkpp63                      50.00000000000000    1.000000000000000    0.000000000000000
        hkpp64                      50.00000000000000    1.000000000000000    0.000000000000000
        hkpp65                      50.00000000000000    1.000000000000000    0.000000000000000
        hkpp66                      50.00000000000000    1.000000000000000    0.000000000000000
        hkpp67                      50.00000000000000    1.000000000000000    0.000000000000000
        hkpp68                      50.00000000000000    1.000000000000000    0.000000000000000
        hkpp69                      50.00000000000000    1.000000000000000    0.000000000000000
        hkpp70                      50.00000000000000    1.000000000000000    0.000000000000000
