single point
hkpp1          5.947512E+00           1.00E+00         0.00E+00     
hkpp2          5.947512E+00           1.00E+00         0.00E+00     
hkpp3          5.947512E+00           1.00E+00         0.00E+00     
hkpp4          5.947512E+00           1.00E+00         0.00E+00     
hkpp5          5.947512E+00           1.00E+00         0.00E+00     
hkpp6          5.947512E+00           1.00E+00         0.00E+00     
hkpp7          5.947512E+00           1.00E+00         0.00E+00     
hkpp8          5.947512E+00           1.00E+00         0.00E+00     
hkpp9          5.947512E+00           1.00E+00         0.00E+00     
hkpp10         5.947512E+00           1.00E+00         0.00E+00     
hkpp11         5.947512E+00           1.00E+00         0.00E+00     
hkpp12         5.947512E+00           1.00E+00         0.00E+00     
hkpp13         5.947512E+00           1.00E+00         0.00E+00     
hkpp14         5.947512E+00           1.00E+00         0.00E+00     
hkpp15         5.947512E+00           1.00E+00         0.00E+00     
hkpp16         5.947512E+00           1.00E+00         0.00E+00     
hkpp17         5.947512E+00           1.00E+00         0.00E+00     
hkpp18         5.947512E+00           1.00E+00         0.00E+00     
hkpp19         5.947512E+00           1.00E+00         0.00E+00     
hkpp20         5.947512E+00           1.00E+00         0.00E+00     
hkpp21         5.947512E+00           1.00E+00         0.00E+00     
hkpp22         5.947512E+00           1.00E+00         0.00E+00     
hkpp23         5.947512E+00           1.00E+00         0.00E+00     
hkpp24         5.947512E+00           1.00E+00         0.00E+00     
hkpp25         5.947512E+00           1.00E+00         0.00E+00     
hkpp26         5.947512E+00           1.00E+00         0.00E+00     
hkpp27         5.947512E+00           1.00E+00         0.00E+00     
hkpp28         5.947512E+00           1.00E+00         0.00E+00     
hkpp29         5.947512E+00           1.00E+00         0.00E+00     
hkpp30         5.947512E+00           1.00E+00         0.00E+00     
hkpp31         5.947512E+00           1.00E+00         0.00E+00     
hkpp32         5.947512E+00           1.00E+00         0.00E+00     
hkpp33         5.947512E+00           1.00E+00         0.00E+00     
hkpp34         5.947512E+00           1.00E+00         0.00E+00     
hkpp35         5.947512E+00           1.00E+00         0.00E+00     
hkpp36         5.947512E+00           1.00E+00         0.00E+00     
hkpp37         5.947512E+00           1.00E+00         0.00E+00     
hkpp38         5.947512E+00           1.00E+00         0.00E+00     
hkpp39         5.947512E+00           1.00E+00         0.00E+00     
hkpp40         5.947512E+00           1.00E+00         0.00E+00     
hkpp41         5.947512E+00           1.00E+00         0.00E+00     
hkpp42         5.947512E+00           1.00E+00         0.00E+00     
hkpp43         5.947512E+00           1.00E+00         0.00E+00     
hkpp44         5.947512E+00           1.00E+00         0.00E+00     
hkpp45         5.947512E+00           1.00E+00         0.00E+00     
hkpp46         5.947512E+00           1.00E+00         0.00E+00     
hkpp47         5.947512E+00           1.00E+00         0.00E+00     
hkpp48         5.947512E+00           1.00E+00         0.00E+00     
hkpp49         5.947512E+00           1.00E+00         0.00E+00     
hkpp50         5.947512E+00           1.00E+00         0.00E+00     
hkpp51         5.947512E+00           1.00E+00         0.00E+00     
hkpp52         5.947512E+00           1.00E+00         0.00E+00     
hkpp53         5.947512E+00           1.00E+00         0.00E+00     
hkpp54         5.947512E+00           1.00E+00         0.00E+00     
hkpp55         5.947512E+00           1.00E+00         0.00E+00     
hkpp56         5.947512E+00           1.00E+00         0.00E+00     
hkpp57         5.947512E+00           1.00E+00         0.00E+00     
hkpp58         5.947512E+00           1.00E+00         0.00E+00     
hkpp59         5.947512E+00           1.00E+00         0.00E+00     
hkpp60         5.947512E+00           1.00E+00         0.00E+00     
hkpp61         5.947512E+00           1.00E+00         0.00E+00     
hkpp62         5.947512E+00           1.00E+00         0.00E+00     
hkpp63         5.947512E+00           1.00E+00         0.00E+00     
hkpp64         5.947512E+00           1.00E+00         0.00E+00     
hkpp65         5.947512E+00           1.00E+00         0.00E+00     
hkpp66         5.947512E+00           1.00E+00         0.00E+00     
hkpp67         5.947512E+00           1.00E+00         0.00E+00     
hkpp68         5.947512E+00           1.00E+00         0.00E+00     
hkpp69         5.947512E+00           1.00E+00         0.00E+00     
hkpp70         5.947512E+00           1.00E+00         0.00E+00     
